129 5 15 5759.6 245 189
857415 22 0 4840 700 300
1002 21 1 2600 350 150
1001 21 0 14978.6 3095 926
1001 22 0 3200 600 250
1001 19 3 3100 550 200
132 18 4 3025 300 150
2 20 0 7590 50 10
1453 20 2 4500 300 200
1453 22 0 4700 400 250
1453 18 4 4300 200 150
857415 21 0 5200 500 300
857415 20 1 5100 450 275
857415 22 0 5400 600 350
1002 23 0 5800 700 400
1002 21 2 5500 600 300
1002 20 0 5600 650 320
129 19 1 6200 500 350
129 20 0 6400 550 400
129 22 1 6300 525 375
2 21 0 4500 250 200
2 20 1 4400 200 150
2 22 0 4600 300 250
1001 22 0 7200 800 500
1001 21 1 7100 750 450
1001 19 2 7000 700 400
132 18 0 4600 300 250
132 20 1 4700 350 300
132 21 0 4800 400 350
600 20 0 5600 600 320
600 19 1 5400 500 300
600 21 2 5800 700 350
857415 22 0 5000 550 350
857415 20 2 4900 500 300
857415 21 0 5100 600 400
119704 23 0 6800 700 400
119704 20 2 6600 600 350
119704 21 0 6900 750 450
802194 22 1 7400 800 500
802194 19 3 7200 750 450
802194 21 0 7600 850 550
186473 20 1 8100 850 500
186473 22 0 8300 900 600
186473 21 2 8000 800 550
722834 19 1 7100 650 400
722834 20 0 7300 700 450
722834 22 2 7500 800 500
913764 23 0 8800 900 600
913764 20 2 8600 850 550
913764 21 0 8700 875 575
468044 21 0 4800 350 200
468044 22 1 5000 400 250
468044 20 2 4700 300 150
934745 20 0 5200 450 250
934745 19 2 5100 400 200
934745 21 0 5300 500 300
598290 23 1 6400 550 350
598290 20 0 6200 500 300
598290 22 0 6500 600 400
605836 19 3 7200 650 400
605836 20 0 7400 700 450
605836 21 0 7600 750 500
452686 22 1 8000 750 450
452686 20 2 7800 700 400
452686 21 0 8200 800 500
573033 20 0 5900 400 300
573033 21 0 6100 500 350
573033 22 1 6300 550 400
966060 23 0 7000 600 350
966060 19 2 6800 550 300
966060 21 0 7200 700 400
997050 22 0 7400 650 400
997050 20 0 7600 700 450
997050 21 2 7800 750 500
308930 19 1 4800 300 150
308930 20 0 5000 400 250
308930 22 0 5200 500 300
987105 21 0 6200 550 300
987105 22 1 6400 600 350
987105 20 2 6100 500 250
756044 19 0 7200 750 450
756044 20 1 7400 800 500
756044 22 0 7600 850 550
466497 21 0 5800 500 300
466497 19 2 5600 450 250
466497 20 1 6000 550 350
45329 20 0 4200 300 200
45329 22 0 4400 350 250
45329 21 2 4000 250 150
30770 19 0 4900 400 250
30770 21 0 5100 500 300
30770 22 1 5300 550 350
1453 20 2 4500 300 200
1453 22 0 4700 400 250
1453 18 4 4300 200 150
857415 21 0 5200 500 300
857415 20 1 5100 450 275
857415 22 0 5400 600 350
1002 23 0 5800 700 400
1002 21 2 5500 600 300
1002 20 0 5600 650 320
129 19 1 6200 500 350
129 20 0 6400 550 400
129 22 1 6300 525 375
2 21 0 4500 250 200
2 20 1 4400 200 150
2 22 0 4600 300 250
1001 22 0 7200 800 500
1001 21 1 7100 750 450
1001 19 2 7000 700 400
132 18 0 4600 300 250
132 20 1 4700 350 300
132 21 0 4800 400 350
600 20 0 5600 600 320
600 19 1 5400 500 300
600 21 2 5800 700 350
857415 22 0 5000 550 350
857415 20 2 4900 500 300
857415 21 0 5100 600 400
119704 23 0 6800 700 400
119704 20 2 6600 600 350
119704 21 0 6900 750 450
802194 22 1 7400 800 500
802194 19 3 7200 750 450
802194 21 0 7600 850 550
186473 20 1 8100 850 500
186473 22 0 8300 900 600
186473 21 2 8000 800 550
722834 19 1 7100 650 400
722834 20 0 7300 700 450
722834 22 2 7500 800 500
913764 23 0 8800 900 600
913764 20 2 8600 850 550
913764 21 0 8700 875 575
468044 21 0 4800 350 200
468044 22 1 5000 400 250
468044 20 2 4700 300 150
934745 20 0 5200 450 250
934745 19 2 5100 400 200
934745 21 0 5300 500 300
598290 23 1 6400 550 350
598290 20 0 6200 500 300
598290 22 0 6500 600 400
605836 19 3 7200 650 400
605836 20 0 7400 700 450
605836 21 0 7600 750 500
452686 22 1 8000 750 450
452686 20 2 7800 700 400
452686 21 0 8200 800 500
573033 20 0 5900 400 300
573033 21 0 6100 500 350
573033 22 1 6300 550 400
966060 23 0 7000 600 350
966060 19 2 6800 550 300
966060 21 0 7200 700 400
997050 22 0 7400 650 400
997050 20 0 7600 700 450
997050 21 2 7800 750 500
308930 19 1 4800 300 150
308930 20 0 5000 400 250
308930 22 0 5200 500 300
987105 21 0 6200 550 300
987105 22 1 6400 600 350
987105 20 2 6100 500 250
756044 19 0 7200 750 450
756044 20 1 7400 800 500
756044 22 0 7600 850 550
466497 21 0 5800 500 300
466497 19 2 5600 450 250
466497 20 1 6000 550 350
45329 20 0 4200 300 200
45329 22 0 4400 350 250
45329 21 2 4000 250 150
30770 19 0 4900 400 250
30770 21 0 5100 500 300
30770 22 1 5300 550 350
114525 20 1 4100 300 200
114525 19 3 3900 250 150
114525 22 0 4300 350 250
828482 21 0 5200 400 200
828482 20 1 5000 350 150
828482 22 1 5400 450 250
566163 22 0 6400 600 400
566163 20 1 6200 550 350
566163 21 0 6600 650 450
534540 23 1 7100 700 400
534540 20 0 6900 650 350
534540 22 0 7300 750 450
802718 22 0 7200 600 350
802718 21 1 7400 650 400
802718 20 2 7000 550 300
92855 19 0 4300 300 150
92855 20 1 4500 350 200
92855 22 0 4700 400 250
822333 20 0 5200 500 300
822333 21 0 5400 550 350
822333 22 0 5600 600 400
2282 19 2 5800 600 350
2282 20 0 6000 650 400
2282 21 0 6200 700 450
290133 22 1 6400 750 500
290133 20 2 6200 700 450
290133 21 0 6600 800 550
837777 23 0 7800 850 550
837777 20 0 7600 800 500
837777 22 0 8000 900 600
75025 19 1 3200 200 150
75025 20 0 3400 250 200
75025 21 2 3600 300 250
28392 22 0 3800 400 300
28392 20 1 3600 350 250
28392 21 0 4000 450 300
50037 20 0 4300 500 350
50037 19 2 4100 450 300
50037 21 1 4500 550 400
679922 22 0 5800 650 450
679922 20 1 5600 600 400
679922 21 0 6000 700 500
763912 23 1 6800 800 550
763912 20 0 6600 750 500
763912 22 0 7000 850 600